+---------------------------------------------------------------------------------------------------------------------------------------------------------------------------------------------------+
|  Номер  |   Размер    | Кол-во |   Кол-во окуней |  Кол-во  | NStep | PRmax | delta | lambda | alfa  | Cреднее значение отклонения  |  Наименьшее значение   | Среднеквадратическое  |   Кол-во   |
| функции |  популяции  |  стай  |       в стае    | итераций |       |       |   pr  |        |       |    от точного решения        |       отклонения       |      отклонение       |  успехов   |
+---------+-------------+--------+-----------------+----------+-------+-------+-------+--------+-------+------------------------------+------------------------+-----------------------+------------+
|   10    |      12     |    4   |        3        |    4     |  100  |   10  |   5   |  1,500 | 0,600 |          0,000112            |         0,000000       |       0,000203        |     70     |  
|---------+-------------+--------+-----------------+----------+-------+-------+-------+--------+-------+------------------------------+------------------------+-----------------------+------------|
|   10    |      12     |    4   |        3        |    4     |  100  |   10  |   5   |  1,500 | 0,600 |          0,002447            |         0,000014       |       0,004354        |     35     |  
|---------+-------------+--------+-----------------+----------+-------+-------+-------+--------+-------+------------------------------+------------------------+-----------------------+------------|
|   10    |      12     |    4   |        3        |    4     |  100  |   10  |   5   |  1,500 | 0,600 |          0,000343            |         0,000001       |       0,000771        |     85     |  
|---------+-------------+--------+-----------------+----------+-------+-------+-------+--------+-------+------------------------------+------------------------+-----------------------+------------|
|   10    |      12     |    4   |        3        |    4     |  100  |   10  |   5   |  1,500 | 0,600 |          0,001374            |         0,000000       |       0,001794        |     17     |  
|---------+-------------+--------+-----------------+----------+-------+-------+-------+--------+-------+------------------------------+------------------------+-----------------------+------------|
|   10    |      12     |    4   |        3        |    4     |  100  |   10  |   5   |  1,500 | 0,600 |          0,004385            |         0,000000       |       0,009447        |     79     |  
|---------+-------------+--------+-----------------+----------+-------+-------+-------+--------+-------+------------------------------+------------------------+-----------------------+------------|
|   10    |      12     |    4   |        3        |    4     |  100  |   10  |   5   |  1,500 | 0,600 |          0,000324            |         0,000001       |       0,000437        |     55     |  
|---------+-------------+--------+-----------------+----------+-------+-------+-------+--------+-------+------------------------------+------------------------+-----------------------+------------|
|   10    |      12     |    4   |        3        |    4     |  100  |   10  |   5   |  1,500 | 0,600 |          0,019596            |         0,000001       |       0,039230        |     33     |  
|---------+-------------+--------+-----------------+----------+-------+-------+-------+--------+-------+------------------------------+------------------------+-----------------------+------------|
|   10    |      12     |    4   |        3        |    4     |  100  |   10  |   5   |  1,500 | 0,600 |          0,000406            |         0,000000       |       0,000661        |     50     |  
|---------+-------------+--------+-----------------+----------+-------+-------+-------+--------+-------+------------------------------+------------------------+-----------------------+------------|
|   10    |      12     |    4   |        3        |    4     |  100  |   10  |   5   |  1,500 | 0,600 |          0,012091            |         0,000064       |       0,015250        |     34     |  
|---------+-------------+--------+-----------------+----------+-------+-------+-------+--------+-------+------------------------------+------------------------+-----------------------+------------|
|   10    |      12     |    4   |        3        |    4     |  100  |   10  |   5   |  1,500 | 0,600 |          0,003587            |         0,000005       |       0,005360        |     45     |  
|---------+-------------+--------+-----------------+----------+-------+-------+-------+--------+-------+------------------------------+------------------------+-----------------------+------------|
