+---------------------------------------------------------------------------------------------------------------------------------------------------------------------------------------------------+
|  Номер  |   Размер    | Кол-во |   Кол-во окуней |  Кол-во  | NStep | PRmax | delta | lambda | alfa  | Cреднее значение отклонения  |  Наименьшее значение   | Среднеквадратическое  |   Кол-во   |
| функции |  популяции  |  стай  |       в стае    | итераций |       |       |   pr  |        |       |    от точного решения        |       отклонения       |      отклонение       |  успехов   |
+---------+-------------+--------+-----------------+----------+-------+-------+-------+--------+-------+------------------------------+------------------------+-----------------------+------------+
|    6    |      12     |    4   |        3        |    4     |  100  |   10  |   5   |  1,500 | 0,600 |          0,678369            |         0,004419       |       1,112771        |     42     |  
|---------+-------------+--------+-----------------+----------+-------+-------+-------+--------+-------+------------------------------+------------------------+-----------------------+------------|
|    6    |      12     |    4   |        3        |    4     |  100  |   10  |   5   |  1,500 | 0,600 |          0,220727            |         0,004843       |       0,361745        |     64     |  
|---------+-------------+--------+-----------------+----------+-------+-------+-------+--------+-------+------------------------------+------------------------+-----------------------+------------|
|    6    |      12     |    4   |        3        |    4     |  100  |   10  |   5   |  1,500 | 0,600 |          0,831450            |         0,002550       |       1,026855        |     32     |  
|---------+-------------+--------+-----------------+----------+-------+-------+-------+--------+-------+------------------------------+------------------------+-----------------------+------------|
|    6    |      12     |    4   |        3        |    4     |  100  |   10  |   5   |  1,500 | 0,600 |          0,507761            |         0,002081       |       1,072768        |     60     |  
|---------+-------------+--------+-----------------+----------+-------+-------+-------+--------+-------+------------------------------+------------------------+-----------------------+------------|
|    6    |      12     |    4   |        3        |    4     |  100  |   10  |   5   |  1,500 | 0,600 |          0,871082            |         0,027937       |       1,008944        |     26     |  
|---------+-------------+--------+-----------------+----------+-------+-------+-------+--------+-------+------------------------------+------------------------+-----------------------+------------|
|    6    |      12     |    4   |        3        |    4     |  100  |   10  |   5   |  1,500 | 0,600 |          0,546692            |         0,001522       |       1,070984        |     60     |  
|---------+-------------+--------+-----------------+----------+-------+-------+-------+--------+-------+------------------------------+------------------------+-----------------------+------------|
|    6    |      12     |    4   |        3        |    4     |  100  |   10  |   5   |  1,500 | 0,600 |          0,377166            |         0,003531       |       0,852707        |     66     |  
|---------+-------------+--------+-----------------+----------+-------+-------+-------+--------+-------+------------------------------+------------------------+-----------------------+------------|
|    6    |      12     |    4   |        3        |    4     |  100  |   10  |   5   |  1,500 | 0,600 |          0,524885            |         0,004696       |       0,874484        |     56     |  
|---------+-------------+--------+-----------------+----------+-------+-------+-------+--------+-------+------------------------------+------------------------+-----------------------+------------|
|    6    |      12     |    4   |        3        |    4     |  100  |   10  |   5   |  1,500 | 0,600 |          0,447621            |         0,003014       |       0,867673        |     66     |  
|---------+-------------+--------+-----------------+----------+-------+-------+-------+--------+-------+------------------------------+------------------------+-----------------------+------------|
|    6    |      12     |    4   |        3        |    4     |  100  |   10  |   5   |  1,500 | 0,600 |          0,433266            |         0,001028       |       0,800208        |     69     |  
|---------+-------------+--------+-----------------+----------+-------+-------+-------+--------+-------+------------------------------+------------------------+-----------------------+------------|
